Adamic-Adar:
(0, 3): 1.9640173895637054
(0, 5): 2.0640299754485754
(0, 6): 1.2426698691192237
(0, 7): 1.3426824550040934
(1, 4): 2.4221154302300825
(1, 6): 0.5581106265512472
(1, 7): 1.179445561110859
(1, 8): 1.2426698691192237
(1, 9): 1.179445561110859
(2, 9): 1.2426698691192237
(2, 5): 1.9640173895637054
(2, 6): 1.2426698691192237
(2, 7): 1.2426698691192237
(3, 8): 1.2426698691192237
(3, 9): 1.179445561110859
(3, 6): 1.800780495670471
(4, 8): 1.9640173895637054
(4, 9): 1.179445561110859
(4, 7): 1.9007930815553407
(5, 8): 2.064029975448575
(6, 9): 1.800780495670471

Resource Allocation:
(0, 3): 0.65
(0, 5): 0.7
(0, 6): 0.4
(0, 7): 0.45
(1, 4): 0.7666666666666667
(1, 6): 0.16666666666666666
(1, 7): 0.3666666666666667
(1, 8): 0.4
(1, 9): 0.3666666666666667
(2, 9): 0.4
(2, 5): 0.65
(2, 6): 0.4
(2, 7): 0.4
(3, 8): 0.4
(3, 9): 0.3666666666666667
(3, 6): 0.5666666666666667
(4, 8): 0.65
(4, 9): 0.3666666666666667
(4, 7): 0.6166666666666667
(5, 8): 0.7
(6, 9): 0.5666666666666667

Preferential Attachment:
(0, 3): 25
(0, 5): 30
(0, 6): 20
(0, 7): 25
(1, 4): 20
(1, 6): 16
(1, 7): 20
(1, 8): 20
(1, 9): 16
(2, 9): 20
(2, 5): 30
(2, 6): 20
(2, 7): 25
(3, 8): 25
(3, 9): 20
(3, 6): 20
(4, 8): 25
(4, 9): 20
(4, 7): 25
(5, 8): 30
(6, 9): 16

Jaccard similarity:
(0, 3): 0.42857142857142855
(0, 5): 0.375
(0, 6): 0.2857142857142857
(0, 7): 0.25
(1, 4): 0.8
(1, 6): 0.14285714285714285
(1, 7): 0.2857142857142857
(1, 8): 0.2857142857142857
(1, 9): 0.3333333333333333
(2, 9): 0.2857142857142857
(2, 5): 0.375
(2, 6): 0.2857142857142857
(2, 7): 0.25
(3, 8): 0.25
(3, 9): 0.2857142857142857
(3, 6): 0.5
(4, 8): 0.42857142857142855
(4, 9): 0.2857142857142857
(4, 7): 0.42857142857142855
(5, 8): 0.375
(6, 9): 0.6

Common Neighbors:
(0, 1): 1
(0, 9): 1
(0, 2): 3
(0, 8): 2
(0, 4): 1
(1, 2): 2
(1, 3): 2
(1, 5): 1
(2, 3): 2
(2, 4): 2
(2, 8): 1
(3, 4): 2
(3, 5): 3
(3, 7): 1
(4, 5): 2
(4, 6): 1
(5, 6): 2
(5, 7): 3
(5, 9): 1
(6, 7): 2
(6, 8): 1
(7, 8): 2
(7, 9): 2
(8, 9): 2