0.125
0.4285714328289032
0.1111111119389534
0.25
0.125
0.125
0.2857142984867096
0.2857142984867096
0.1111111119389534
0.4285714328289032
0.2857142984867096
0.25
0.25
0.1111111119389534
0.2857142984867096
0.25
0.25
0.375
0.1111111119389534
0.1111111119389534
0.25
0.25
0.2222222238779068
0.125
0.1111111119389534
0.375
0.2222222238779068
0.25
0.375
0.1111111119389534
0.125
0.25
0.2857142984867096
0.125
0.1111111119389534
0.375
0.2857142984867096
0.25
0.2857142984867096
0.25
0.1111111119389534
0.125
0.25
0.2857142984867096
0.125
0.1111111119389534
0.2857142984867096
0.2857142984867096